image: /home/jerojimi/sosmap.pgm
resolution: 0.040000
origin: [-26.760000, -29.320000, 0.000000]
negate: 0
occupied_thresh: 0.65
free_thresh: 0.196

